index original filtered
0 1.41 1.28
1 1.2865 1.23897
2 1.10229 1.19753
3 1.0385 1.15568
4 1.123 1.11344
5 1.19499 1.07082
6 1.10907 1.02784
7 0.919735 0.984505
8 0.812248 0.940841
9 0.867597 0.896858
10 0.959768 0.852571
11 0.915641 0.807995
12 0.734663 0.763146
13 0.589564 0.718038
14 0.607226 0.672686
15 0.707714 0.627107
16 0.705717 0.581315
17 0.545685 0.535326
18 0.372329 0.489156
19 0.347034 0.44282
20 0.443121 0.396334
21 0.479712 0.349714
22 0.351247 0.302976
23 0.161434 0.256134
24 0.0916873 0.209206
25 0.170975 0.162207
26 0.239083 0.115153
27 0.149913 0.0680598
28 -0.043133 0.0209437
29 -0.154887 -0.0261795
30 -0.103331 -0.0732938
31 -0.01364 -0.120383
32 -0.059341 -0.167432
33 -0.242128 -0.214424
34 -0.389692 -0.261343
35 -0.374322 -0.308174
36 -0.27492 -0.3549
37 -0.276875 -0.401507
38 -0.436823 -0.447977
39 -0.61077 -0.494295
40 -0.636769 -0.540446
41 -0.540372 -0.586413
42 -0.502192 -0.632182
43 -0.628726 -0.677737
44 -0.817214 -0.723062
45 -0.886 -0.768142
46 -0.80499 -0.812962
47 -0.73382 -0.857506
48 -0.819289 -0.90176
49 -1.00909 -0.945708
50 -1.11815 -0.989336
51 -1.06344 -1.03263
52 -0.969285 -1.07557
53 -1.00962 -1.11815
54 -1.18727 -1.16035
55 -1.33038 -1.20216
56 -1.31039 -1.24355
57 -1.20518 -1.28453
58 -1.20022 -1.32507
59 -1.35322 -1.36517
60 -1.52092 -1.4048
61 -1.54081 -1.44395
62 -1.43732 -1.48262
63 -1.3908 -1.52078
64 -1.50868 -1.55843
65 -1.68915 -1.59555
66 -1.75032 -1.63213
67 -1.66098 -1.66815
68 -1.58018 -1.70362
69 -1.65541 -1.7385
70 -1.83548 -1.77279
71 -1.93541 -1.80649
72 -1.87116 -1.83957
73 -1.7662 -1.87203
74 -1.79488 -1.90385
75 -1.96117 -1.93503
76 -2.09364 -1.96555
77 -2.06293 -1.99541
78 -1.94588 -2.02459
79 -1.92801 -2.05309
80 -2.06815 -2.08089
81 -2.22374 -2.10798
82 -2.23175 -2.13436
83 -2.11547 -2.16002
84 -2.05498 -2.18494
85 -2.15864 -2.20913
86 -2.32561 -2.23257
87 -2.37377 -2.25525
88 -2.27078 -2.27716
89 -2.17512 -2.29831
90 -2.23497 -2.31867
91 -2.40023 -2.33825
92 -2.48606 -2.35704
93 -2.40739 -2.37503
94 -2.28685 -2.39221
95 -2.29918 -2.40858
96 -2.4495 -2.42414
97 -2.56682 -2.43888
98 -2.52098 -2.45279
99 -2.38778 -2.46587
100 -2.35282 -2.47811
101 -2.47598 -2.48951
102 -2.61546 -2.50007
103 -2.6077 -2.50978
104 -2.47485 -2.51865
105 -2.39672 -2.52665
106 -2.48259 -2.53381
107 -2.63259 -2.5401
108 -2.66438 -2.54553
109 -2.54452 -2.55011
110 -2.43088 -2.55381
111 -2.47235 -2.55665
112 -2.61991 -2.55863
113 -2.68886 -2.55974
114 -2.59311 -2.55998
115 -2.45446 -2.55935
116 -2.44803 -2.55786
117 -2.58008 -2.5555
118 -2.68008 -2.55227
119 -2.61706 -2.54818
120 -2.46579 -2.54323
121 -2.41191 -2.53741
122 -2.51641 -2.53073
123 -2.63822 -2.5232
124 -2.61325 -2.51481
125 -2.46253 -2.50557
126 -2.36557 -2.49548
127 -2.4326 -2.48455
128 -2.56469 -2.47277
129 -2.57932 -2.46016
130 -2.44192 -2.44671
131 -2.30976 -2.43243
132 -2.33242 -2.41733
133 -2.46198 -2.40141
134 -2.51388 -2.38467
135 -2.40103 -2.36713
136 -2.24437 -2.34879
137 -2.21939 -2.32965
138 -2.33351 -2.30972
139 -2.41666 -2.289
140 -2.33707 -2.26752
141 -2.16846 -2.24526
142 -2.09654 -2.22224
143 -2.18335 -2.19847
144 -2.28861 -2.17396
145 -2.24766 -2.14871
146 -2.08044 -2.12273
147 -1.96615 -2.09603
148 -2.01594 -2.06862
149 -2.13187 -2.04051
150 -2.13119 -2.01171
151 -1.97824 -1.98222
152 -1.82967 -1.95207
153 -1.83574 -1.92125
154 -1.94966 -1.88979
155 -1.98697 -1.85768
156 -1.85961 -1.82494
157 -1.68765 -1.79159
158 -1.64695 -1.75762
159 -1.74608 -1.72307
160 -1.81543 -1.68793
161 -1.72243 -1.65221
162 -1.53978 -1.61594
163 -1.45321 -1.57912
164 -1.52585 -1.54176
165 -1.61815 -1.50388
166 -1.56497 -1.46549
167 -1.38508 -1.42661
168 -1.2574 -1.38724
169 -1.29399 -1.3474
170 -1.3979 -1.30711
171 -1.38617 -1.26637
172 -1.22202 -1.22521
173 -1.06149 -1.18362
174 -1.05553 -1.14164
175 -1.15843 -1.09927
176 -1.1859 -1.05653
177 -1.04887 -1.01343
178 -0.866528 -0.969987
179 -0.815122 -0.926215
180 -0.904354 -0.882129
181 -0.965088 -0.837744
182 -0.863967 -0.793075
183 -0.672632 -0.748138
184 -0.576843 -0.702947
185 -0.640813 -0.657518
186 -0.725755 -0.611866
187 -0.66599 -0.566007
188 -0.479177 -0.519956
189 -0.343927 -0.473729
190 -0.373205 -0.427341
191 -0.471025 -0.380809
192 -0.454251 -0.334147
193 -0.284979 -0.287372
194 -0.118646 -0.2405
195 -0.106837 -0.193547
196 -0.204977 -0.146528
197 -0.228908 -0.0994587
198 -0.0885638 -0.0523562
199 0.0977379 -0.00523598
200 0.153391 0.041886
201 0.0675552 0.0889939
202 0.00889027 0.136072
203 0.111544 0.183103
204 0.304928 0.230073
205 0.40326 0.276964
206 0.341257 0.323762
207 0.256948 0.37045
208 0.316521 0.417012
209 0.503454 0.463434
210 0.639453 0.509698
211 0.610649 0.555789
212 0.512052 0.601692
213 0.526984 0.647392
214 0.694467 0.692872
215 0.859691 0.738117
216 0.870414 0.783112
217 0.770106 0.827841
218 0.74277 0.872291
219 0.879471 0.916444
220 1.06277 0.960287
221 1.11572 1.00381
222 1.02633 1.04698
223 0.962792 1.08981
224 1.06003 1.13226
225 1.24853 1.17433
226 1.34248 1.216
227 1.27555 1.25726
228 1.18498 1.29809
229 1.23749 1.33849
230 1.41769 1.37843
231 1.54761 1.4179
232 1.51248 1.4569
233 1.40633 1.4954
234 1.41268 1.53339
235 1.57166 1.57086
236 1.72909 1.6078
237 1.73209 1.6442
238 1.62302 1.68004
239 1.58572 1.71531
240 1.71226 1.75
241 1.88608 1.78409
242 1.9299 1.81758
243 1.83059 1.85046
244 1.75587 1.88271
245 1.84143 1.91432
246 2.01882 1.94528
247 2.10225 1.97558
248 2.02429 2.00521
249 1.92145 2.03417
250 1.96094 2.06243
251 2.1285 2.09
252 2.2465 2.11686
253 2.1993 2.143
254 2.07993 2.16841
255 2.07209 2.19309
256 2.21703 2.21703
257 2.36121 2.24021
258 2.35111 2.26264
259 2.22799 2.2843
260 2.17553 2.30518
261 2.28679 2.32528
262 2.4461 2.3446
263 2.47584 2.36312
264 2.36177 2.38084
265 2.27109 2.39776
266 2.34032 2.41386
267 2.50203 2.42914
268 2.57045 2.44361
269 2.4771 2.45724
270 2.35772 2.47004
271 2.38001 2.482
272 2.53086 2.49313
273 2.63299 2.5034
274 2.56985 2.51283
275 2.43352 2.52141
276 2.40784 2.52913
277 2.5352 2.536
278 2.66271 2.54201
279 2.63622 2.54715
280 2.49586 2.55144
281 2.42515 2.55486
282 2.51815 2.55741
283 2.66009 2.5591
284 2.67303 2.55991
285 2.54158 2.55987
286 2.43247 2.55895
287 2.48297 2.55717
288 2.62674 2.55452
289 2.67802 2.551
290 2.56728 2.54663
291 2.42947 2.54138
292 2.4328 2.53528
293 2.56529 2.52832
294 2.65002 2.5205
295 2.56956 2.51183
296 2.415 2.5023
297 2.37036 2.49193
298 2.47912 2.48071
299 2.58907 2.46866
300 2.54541 2.45576
301 2.38718 2.44204
302 2.29773 2.42749
303 2.37209 2.41211
304 2.49641 2.39592
305 2.49242 2.37891
306 2.34361 2.3611
307 2.2162 2.34249
308 2.24823 2.32309
309 2.37446 2.3029
310 2.40911 2.28193
311 2.28162 2.26018
312 2.12617 2.23767
313 2.11143 2.2144
314 2.22659 2.19038
315 2.29507 2.16562
316 2.19858 2.14013
317 2.0272 2.11391
318 1.96512 2.08697
319 2.05693 2.05933
320 2.15109 2.03098
321 2.09217 2.00195
322 1.91811 1.97225
323 1.81207 1.94187
324 1.87006 1.91084
325 1.97914 1.87915
326 1.96073 1.84684
327 1.79719 1.81389
328 1.65423 1.78033
329 1.67067 1.74617
330 1.78231 1.71142
331 1.80343 1.67608
332 1.66241 1.64018
333 1.49263 1.60372
334 1.46327 1.56672
335 1.56463 1.52919
336 1.62052 1.49114
337 1.51175 1.45259
338 1.32743 1.41354
339 1.25188 1.37401
340 1.33083 1.33402
341 1.41338 1.29358
342 1.34349 1.2527
343 1.15798 1.21139
344 1.03983 1.16967
345 1.08603 1.12756
346 1.18454 1.08507
347 1.15647 1.0422
348 0.983073 0.998986
349 0.829524 0.955432
350 0.8354 0.911553
351 0.937588 0.867366
352 0.950387 0.822885
353 0.801136 0.778125
354 0.622425 0.733102
355 0.58389 0.68783
356 0.676997 0.642325
357 0.725895 0.596602
358 0.610547 0.550677
359 0.419051 0.504566
360 0.335882 0.458283
361 0.407858 0.411845
362 0.484753 0.365268
363 0.409925 0.318567
364 0.219077 0.271758
365 0.0949772 0.224857
366 0.13559 0.17788
367 0.229799 0.130843
368 0.198411 0.0837609
369 0.0215292 0.0366507
370 -0.136179 -0.0104719
371 -0.13439 -0.057591
372 -0.0351409 -0.104691
373 -0.0240993 -0.151755
374 -0.174972 -0.198767
375 -0.355968 -0.245713
376 -0.396992 -0.292575
377 -0.305434 -0.339338
378 -0.256778 -0.385985
379 -0.371926 -0.432503
380 -0.563786 -0.478873
381 -0.647749 -0.525082
382 -0.575897 -0.571112
383 -0.497781 -0.616949
384 -0.570653 -0.662577
385 -0.759931 -0.70798
386 -0.883055 -0.753144
387 -0.841096 -0.798052
388 -0.744253 -0.84269
389 -0.772018 -0.887042
390 -0.945423 -0.931094
391 -1.10033 -0.97483
392 -1.09568 -1.01824
393 -0.992423 -1.0613
394 -0.976195 -1.104
395 -1.12175 -1.14633
396 -1.2981 -1.18826
397 -1.33469 -1.2298
398 -1.23779 -1.27092
399 -1.18249 -1.31161
400 -1.29057 -1.35185
401 -1.47595 -1.39164
402 -1.55388 -1.43096
403 -1.47537 -1.46979
404 -1.38927 -1.50812
405 -1.45345 -1.54594
406 -1.63445 -1.58324
407 -1.74993 -1.62
408 -1.7 -1.65621
409 -1.59394 -1.69186
410 -1.61154 -1.72694
411 -1.77496 -1.76143
412 -1.92061 -1.79532
413 -1.90669 -1.82861
414 -1.79308 -1.86128
415 -1.76537 -1.89331
416 -1.89935 -1.92471
417 -2.06486 -1.95545
418 -2.09089 -1.98553
419 -1.98258 -2.01494
420 -1.91464 -2.04367
421 -2.00971 -2.0717
422 -2.18273 -2.09903
423 -2.24883 -2.12565
424 -2.15793 -2.15155
425 -2.0582 -2.17672
426 -2.10811 -2.20115
427 -2.27532 -2.22484
428 -2.37773 -2.24777
429 -2.31449 -2.26994
430 -2.19396 -2.29134
431 -2.19621 -2.31197
432 -2.34455 -2.33181
433 -2.47594 -2.35086
434 -2.44784 -2.36912
435 -2.31906 -2.38657
436 -2.27513 -2.40322
437 -2.3929 -2.41905
438 -2.54303 -2.43406
439 -2.55407 -2.44824
440 -2.43001 -2.4616
441 -2.3452 -2.47412
442 -2.42312 -2.4858
443 -2.57973 -2.49665
444 -2.63008 -2.50664
445 -2.52296 -2.51579
446 -2.40589 -2.52408
447 -2.43792 -2.53152
448 -2.58785 -2.5381
449 -2.6738 -2.54382
450 -2.59397 -2.54868
451 -2.45582 -2.55267
452 -2.43968 -2.5558
453 -2.57002 -2.55807
454 -2.68432 -2.55946
455 -2.63934 -2.55999
456 -2.49282 -2.55966
457 -2.43023 -2.55845
458 -2.52946 -2.55638
459 -2.66198 -2.55344
460 -2.65593 -2.54964
461 -2.51416 -2.54497
462 -2.41063 -2.53944
463 -2.46967 -2.53305
464 -2.60828 -2.52581
465 -2.64139 -2.5177
466 -2.51672 -2.50875
467 -2.38108 -2.49894
468 -2.39413 -2.48829
469 -2.5258 -2.47679
470 -2.59444 -2.46445
471 -2.49732 -2.45128
472 -2.34096 -2.43728
473 -2.30598 -2.42245
474 -2.41796 -2.4068
475 -2.51497 -2.39034
476 -2.45305 -2.37307
477 -2.28884 -2.35499
478 -2.20776 -2.33611
479 -2.28874 -2.31645
480 -2.40409 -2.29599
481 -2.38151 -2.27476
482 -2.22273 -2.25276
483 -2.10129 -2.23
484 -2.1424 -2.20648
485 -2.26406 -2.18221
486 -2.28113 -2.1572
487 -2.14023 -2.13147
488 -1.98749 -2.10501
489 -1.98313 -2.07783
490 -2.09823 -2.04996
491 -2.15138 -2.02138
492 -2.03891 -1.99213
493 -1.86641 -1.9622
494 -1.81477 -1.9316
495 -1.91071 -1.90035
496 -1.99285 -1.86845
497 -1.91653 -1.83592
498 -1.73731 -1.80277
499 -1.64054 -1.76901
500 -1.70617 -1.73465
501 -1.80735 -1.6997
502 -1.77138 -1.66418
503 -1.59883 -1.62809
504 -1.46286 -1.59145
505 -1.4895 -1.55427
506 -1.5978 -1.51657
507 -1.60252 -1.47835
508 -1.44919 -1.43963
509 -1.28324 -1.40042
510 -1.26549 -1.36074
511 -1.36812 -1.32059
512 -1.41 -1.28
513 -1.2865 -1.23897
514 -1.10229 -1.19753
515 -1.0385 -1.15568
516 -1.123 -1.11344
517 -1.19499 -1.07082
518 -1.10907 -1.02784
519 -0.919735 -0.984505
520 -0.812248 -0.940841
521 -0.867597 -0.896858
522 -0.959768 -0.852571
523 -0.915641 -0.807995
524 -0.734663 -0.763146
525 -0.589564 -0.718038
526 -0.607226 -0.672686
527 -0.707714 -0.627107
528 -0.705717 -0.581315
529 -0.545685 -0.535326
530 -0.372329 -0.489156
531 -0.347034 -0.44282
532 -0.443121 -0.396334
533 -0.479712 -0.349714
534 -0.351247 -0.302976
535 -0.161434 -0.256134
536 -0.0916873 -0.209206
537 -0.170975 -0.162207
538 -0.239083 -0.115153
539 -0.149913 -0.0680598
540 0.043133 -0.0209437
541 0.154887 0.0261795
542 0.103331 0.0732938
543 0.01364 0.120383
544 0.059341 0.167432
545 0.242128 0.214424
546 0.389692 0.261343
547 0.374322 0.308174
548 0.27492 0.3549
549 0.276875 0.401507
550 0.436823 0.447977
551 0.61077 0.494295
552 0.636769 0.540446
553 0.540372 0.586413
554 0.502192 0.632182
555 0.628726 0.677737
556 0.817214 0.723062
557 0.886 0.768142
558 0.80499 0.812962
559 0.73382 0.857506
560 0.819289 0.90176
561 1.00909 0.945708
562 1.11815 0.989336
563 1.06344 1.03263
564 0.969285 1.07557
565 1.00962 1.11815
566 1.18727 1.16035
567 1.33038 1.20216
568 1.31039 1.24355
569 1.20518 1.28453
570 1.20022 1.32507
571 1.35322 1.36517
572 1.52092 1.4048
573 1.54081 1.44395
574 1.43732 1.48262
575 1.3908 1.52078
576 1.50868 1.55843
577 1.68915 1.59555
578 1.75032 1.63213
579 1.66098 1.66815
580 1.58018 1.70362
581 1.65541 1.7385
582 1.83548 1.77279
583 1.93541 1.80649
584 1.87116 1.83957
585 1.7662 1.87203
586 1.79488 1.90385
587 1.96117 1.93503
588 2.09364 1.96555
589 2.06293 1.99541
590 1.94588 2.02459
591 1.92801 2.05309
592 2.06815 2.08089
593 2.22374 2.10798
594 2.23175 2.13436
595 2.11547 2.16002
596 2.05498 2.18494
597 2.15864 2.20913
598 2.32561 2.23257
599 2.37377 2.25525
600 2.27078 2.27716
601 2.17512 2.29831
602 2.23497 2.31867
603 2.40023 2.33825
604 2.48606 2.35704
605 2.40739 2.37503
606 2.28685 2.39221
607 2.29918 2.40858
608 2.4495 2.42414
609 2.56682 2.43888
610 2.52098 2.45279
611 2.38778 2.46587
612 2.35282 2.47811
613 2.47598 2.48951
614 2.61546 2.50007
615 2.6077 2.50978
616 2.47485 2.51865
617 2.39672 2.52665
618 2.48259 2.53381
619 2.63259 2.5401
620 2.66438 2.54553
621 2.54452 2.55011
622 2.43088 2.55381
623 2.47235 2.55665
624 2.61991 2.55863
625 2.68886 2.55974
626 2.59311 2.55998
627 2.45446 2.55935
628 2.44803 2.55786
629 2.58008 2.5555
630 2.68008 2.55227
631 2.61706 2.54818
632 2.46579 2.54323
633 2.41191 2.53741
634 2.51641 2.53073
635 2.63822 2.5232
636 2.61325 2.51481
637 2.46253 2.50557
638 2.36557 2.49548
639 2.4326 2.48455
640 2.56469 2.47277
641 2.57932 2.46016
642 2.44192 2.44671
643 2.30976 2.43243
644 2.33242 2.41733
645 2.46198 2.40141
646 2.51388 2.38467
647 2.40103 2.36713
648 2.24437 2.34879
649 2.21939 2.32965
650 2.33351 2.30972
651 2.41666 2.289
652 2.33707 2.26752
653 2.16846 2.24526
654 2.09654 2.22224
655 2.18335 2.19847
656 2.28861 2.17396
657 2.24766 2.14871
658 2.08044 2.12273
659 1.96615 2.09603
660 2.01594 2.06862
661 2.13187 2.04051
662 2.13119 2.01171
663 1.97824 1.98222
664 1.82967 1.95207
665 1.83574 1.92125
666 1.94966 1.88979
667 1.98697 1.85768
668 1.85961 1.82494
669 1.68765 1.79159
670 1.64695 1.75762
671 1.74608 1.72307
672 1.81543 1.68793
673 1.72243 1.65221
674 1.53978 1.61594
675 1.45321 1.57912
676 1.52585 1.54176
677 1.61815 1.50388
678 1.56497 1.46549
679 1.38508 1.42661
680 1.2574 1.38724
681 1.29399 1.3474
682 1.3979 1.30711
683 1.38617 1.26637
684 1.22202 1.22521
685 1.06149 1.18362
686 1.05553 1.14164
687 1.15843 1.09927
688 1.1859 1.05653
689 1.04887 1.01343
690 0.866528 0.969987
691 0.815122 0.926215
692 0.904354 0.882129
693 0.965088 0.837744
694 0.863967 0.793075
695 0.672632 0.748138
696 0.576843 0.702947
697 0.640813 0.657518
698 0.725755 0.611866
699 0.66599 0.566007
700 0.479177 0.519956
701 0.343927 0.473729
702 0.373205 0.427341
703 0.471025 0.380809
704 0.454251 0.334147
705 0.284979 0.287372
706 0.118646 0.2405
707 0.106837 0.193547
708 0.204977 0.146528
709 0.228908 0.0994587
710 0.0885638 0.0523562
711 -0.0977379 0.00523598
712 -0.153391 -0.041886
713 -0.0675552 -0.0889939
714 -0.00889027 -0.136072
715 -0.111544 -0.183103
716 -0.304928 -0.230073
717 -0.40326 -0.276964
718 -0.341257 -0.323762
719 -0.256948 -0.37045
720 -0.316521 -0.417012
721 -0.503454 -0.463434
722 -0.639453 -0.509698
723 -0.610649 -0.555789
724 -0.512052 -0.601692
725 -0.526984 -0.647392
726 -0.694467 -0.692872
727 -0.859691 -0.738117
728 -0.870414 -0.783112
729 -0.770106 -0.827841
730 -0.74277 -0.872291
731 -0.879471 -0.916444
732 -1.06277 -0.960287
733 -1.11572 -1.00381
734 -1.02633 -1.04698
735 -0.962792 -1.08981
736 -1.06003 -1.13226
737 -1.24853 -1.17433
738 -1.34248 -1.216
739 -1.27555 -1.25726
740 -1.18498 -1.29809
741 -1.23749 -1.33849
742 -1.41769 -1.37843
743 -1.54761 -1.4179
744 -1.51248 -1.4569
745 -1.40633 -1.4954
746 -1.41268 -1.53339
747 -1.57166 -1.57086
748 -1.72909 -1.6078
749 -1.73209 -1.6442
750 -1.62302 -1.68004
751 -1.58572 -1.71531
752 -1.71226 -1.75
753 -1.88608 -1.78409
754 -1.9299 -1.81758
755 -1.83059 -1.85046
756 -1.75587 -1.88271
757 -1.84143 -1.91432
758 -2.01882 -1.94528
759 -2.10225 -1.97558
760 -2.02429 -2.00521
761 -1.92145 -2.03417
762 -1.96094 -2.06243
763 -2.1285 -2.09
764 -2.2465 -2.11686
765 -2.1993 -2.143
766 -2.07993 -2.16841
767 -2.07209 -2.19309
768 -2.21703 -2.21703
769 -2.36121 -2.24021
770 -2.35111 -2.26264
771 -2.22799 -2.2843
772 -2.17553 -2.30518
773 -2.28679 -2.32528
774 -2.4461 -2.3446
775 -2.47584 -2.36312
776 -2.36177 -2.38084
777 -2.27109 -2.39776
778 -2.34032 -2.41386
779 -2.50203 -2.42914
780 -2.57045 -2.44361
781 -2.4771 -2.45724
782 -2.35772 -2.47004
783 -2.38001 -2.482
784 -2.53086 -2.49313
785 -2.63299 -2.5034
786 -2.56985 -2.51283
787 -2.43352 -2.52141
788 -2.40784 -2.52913
789 -2.5352 -2.536
790 -2.66271 -2.54201
791 -2.63622 -2.54715
792 -2.49586 -2.55144
793 -2.42515 -2.55486
794 -2.51815 -2.55741
795 -2.66009 -2.5591
796 -2.67303 -2.55991
797 -2.54158 -2.55987
798 -2.43247 -2.55895
799 -2.48297 -2.55717
800 -2.62674 -2.55452
801 -2.67802 -2.551
802 -2.56728 -2.54663
803 -2.42947 -2.54138
804 -2.4328 -2.53528
805 -2.56529 -2.52832
806 -2.65002 -2.5205
807 -2.56956 -2.51183
808 -2.415 -2.5023
809 -2.37036 -2.49193
810 -2.47912 -2.48071
811 -2.58907 -2.46866
812 -2.54541 -2.45576
813 -2.38718 -2.44204
814 -2.29773 -2.42749
815 -2.37209 -2.41211
816 -2.49641 -2.39592
817 -2.49242 -2.37891
818 -2.34361 -2.3611
819 -2.2162 -2.34249
820 -2.24823 -2.32309
821 -2.37446 -2.3029
822 -2.40911 -2.28193
823 -2.28162 -2.26018
824 -2.12617 -2.23767
825 -2.11143 -2.2144
826 -2.22659 -2.19038
827 -2.29507 -2.16562
828 -2.19858 -2.14013
829 -2.0272 -2.11391
830 -1.96512 -2.08697
831 -2.05693 -2.05933
832 -2.15109 -2.03098
833 -2.09217 -2.00195
834 -1.91811 -1.97225
835 -1.81207 -1.94187
836 -1.87006 -1.91084
837 -1.97914 -1.87915
838 -1.96073 -1.84684
839 -1.79719 -1.81389
840 -1.65423 -1.78033
841 -1.67067 -1.74617
842 -1.78231 -1.71142
843 -1.80343 -1.67608
844 -1.66241 -1.64018
845 -1.49263 -1.60372
846 -1.46327 -1.56672
847 -1.56463 -1.52919
848 -1.62052 -1.49114
849 -1.51175 -1.45259
850 -1.32743 -1.41354
851 -1.25188 -1.37401
852 -1.33083 -1.33402
853 -1.41338 -1.29358
854 -1.34349 -1.2527
855 -1.15798 -1.21139
856 -1.03983 -1.16967
857 -1.08603 -1.12756
858 -1.18454 -1.08507
859 -1.15647 -1.0422
860 -0.983073 -0.998986
861 -0.829524 -0.955432
862 -0.8354 -0.911553
863 -0.937588 -0.867366
864 -0.950387 -0.822885
865 -0.801136 -0.778125
866 -0.622425 -0.733102
867 -0.58389 -0.68783
868 -0.676997 -0.642325
869 -0.725895 -0.596602
870 -0.610547 -0.550677
871 -0.419051 -0.504566
872 -0.335882 -0.458283
873 -0.407858 -0.411845
874 -0.484753 -0.365268
875 -0.409925 -0.318567
876 -0.219077 -0.271758
877 -0.0949772 -0.224857
878 -0.13559 -0.17788
879 -0.229799 -0.130843
880 -0.198411 -0.0837609
881 -0.0215292 -0.0366507
882 0.136179 0.0104719
883 0.13439 0.057591
884 0.0351409 0.104691
885 0.0240993 0.151755
886 0.174972 0.198767
887 0.355968 0.245713
888 0.396992 0.292575
889 0.305434 0.339338
890 0.256778 0.385985
891 0.371926 0.432503
892 0.563786 0.478873
893 0.647749 0.525082
894 0.575897 0.571112
895 0.497781 0.616949
896 0.570653 0.662577
897 0.759931 0.70798
898 0.883055 0.753144
899 0.841096 0.798052
900 0.744253 0.84269
901 0.772018 0.887042
902 0.945423 0.931094
903 1.10033 0.97483
904 1.09568 1.01824
905 0.992423 1.0613
906 0.976195 1.104
907 1.12175 1.14633
908 1.2981 1.18826
909 1.33469 1.2298
910 1.23779 1.27092
911 1.18249 1.31161
912 1.29057 1.35185
913 1.47595 1.39164
914 1.55388 1.43096
915 1.47537 1.46979
916 1.38927 1.50812
917 1.45345 1.54594
918 1.63445 1.58324
919 1.74993 1.62
920 1.7 1.65621
921 1.59394 1.69186
922 1.61154 1.72694
923 1.77496 1.76143
924 1.92061 1.79532
925 1.90669 1.82861
926 1.79308 1.86128
927 1.76537 1.89331
928 1.89935 1.92471
929 2.06486 1.95545
930 2.09089 1.98553
931 1.98258 2.01494
932 1.91464 2.04367
933 2.00971 2.0717
934 2.18273 2.09903
935 2.24883 2.12565
936 2.15793 2.15155
937 2.0582 2.17672
938 2.10811 2.20115
939 2.27532 2.22484
940 2.37773 2.24777
941 2.31449 2.26994
942 2.19396 2.29134
943 2.19621 2.31197
944 2.34455 2.33181
945 2.47594 2.35086
946 2.44784 2.36912
947 2.31906 2.38657
948 2.27513 2.40322
949 2.3929 2.41905
950 2.54303 2.43406
951 2.55407 2.44824
952 2.43001 2.4616
953 2.3452 2.47412
954 2.42312 2.4858
955 2.57973 2.49665
956 2.63008 2.50664
957 2.52296 2.51579
958 2.40589 2.52408
959 2.43792 2.53152
960 2.58785 2.5381
961 2.6738 2.54382
962 2.59397 2.54868
963 2.45582 2.55267
964 2.43968 2.5558
965 2.57002 2.55807
966 2.68432 2.55946
967 2.63934 2.55999
968 2.49282 2.55966
969 2.43023 2.55845
970 2.52946 2.55638
971 2.66198 2.55344
972 2.65593 2.54964
973 2.51416 2.54497
974 2.41063 2.53944
975 2.46967 2.53305
976 2.60828 2.52581
977 2.64139 2.5177
978 2.51672 2.50875
979 2.38108 2.49894
980 2.39413 2.48829
981 2.5258 2.47679
982 2.59444 2.46445
983 2.49732 2.45128
984 2.34096 2.43728
985 2.30598 2.42245
986 2.41796 2.4068
987 2.51497 2.39034
988 2.45305 2.37307
989 2.28884 2.35499
990 2.20776 2.33611
991 2.28874 2.31645
992 2.40409 2.29599
993 2.38151 2.27476
994 2.22273 2.25276
995 2.10129 2.23
996 2.1424 2.20648
997 2.26406 2.18221
998 2.28113 2.1572
999 2.14023 2.13147
1000 1.98749 2.10501
1001 1.98313 2.07783
1002 2.09823 2.04996
1003 2.15138 2.02138
1004 2.03891 1.99213
1005 1.86641 1.9622
1006 1.81477 1.9316
1007 1.91071 1.90035
1008 1.99285 1.86845
1009 1.91653 1.83592
1010 1.73731 1.80277
1011 1.64054 1.76901
1012 1.70617 1.73465
1013 1.80735 1.6997
1014 1.77138 1.66418
1015 1.59883 1.62809
1016 1.46286 1.59145
1017 1.4895 1.55427
1018 1.5978 1.51657
1019 1.60252 1.47835
1020 1.44919 1.43963
1021 1.28324 1.40042
1022 1.26549 1.36074
1023 1.36812 1.32059
