index original filtered
0 0 1.22733
1 0 1.12728
2 0 1.02799
3 0 0.929961
4 0 0.833666
5 0 0.739574
6 0 0.648131
7 0 0.55976
8 0 0.474856
9 0 0.393786
10 0 0.316882
11 0 0.244439
12 0 0.176715
13 0 0.113928
14 0 0.056253
15 0 0.00382329
16 0 -0.0432723
17 0 -0.0849882
18 0 -0.121323
19 0 -0.152317
20 0 -0.178054
21 0 -0.198656
22 0 -0.214285
23 0 -0.22514
24 0 -0.231452
25 0 -0.233482
26 0 -0.231521
27 0 -0.225883
28 0 -0.216902
29 0 -0.204931
30 0 -0.190334
31 0 -0.173484
32 0 -0.15476
33 0 -0.134543
34 0 -0.11321
35 0 -0.0911307
36 0 -0.0686673
37 0 -0.0461664
38 0 -0.0239585
39 0 -0.00235396
40 0 0.0183592
41 0 0.0379179
42 0 0.0560862
43 0 0.0726571
44 0 0.0874535
45 0 0.10033
46 0 0.111172
47 0 0.119898
48 0 0.126459
49 0 0.130835
50 0 0.13304
51 0 0.133116
52 0 0.131132
53 0 0.127185
54 0 0.121395
55 0 0.113904
56 0 0.104874
57 0 0.0944835
58 0 0.0829247
59 0 0.0704007
60 0 0.0571225
61 0 0.0433062
62 0 0.0291696
63 0 0.0149295
64 0 0.000798537
65 0 -0.0130172
66 0 -0.0263212
67 0 -0.0389287
68 0 -0.0506692
69 0 -0.0613883
70 0 -0.0709494
71 0 -0.0792356
72 0 -0.0861502
73 0 -0.0916184
74 0 -0.0955875
75 0 -0.0980271
76 0 -0.0989295
77 0 -0.098309
78 0 -0.0962016
79 0 -0.092664
80 0 -0.0877725
81 0 -0.0816214
82 0 -0.074322
83 0 -0.0659999
84 0 -0.056794
85 0 -0.0468535
86 0 -0.0363362
87 0 -0.025406
88 0 -0.0142304
89 0 -0.00297839
90 0 0.00818223
91 0 0.019087
92 0 0.0295773
93 0 0.0395022
94 0 0.0487209
95 0 0.057104
96 0 0.064536
97 0 0.0709162
98 0 0.0761602
99 0 0.0802007
100 0 0.0829888
101 0 0.084494
102 0 0.0847046
103 0 0.0836282
104 0 0.0812905
105 0 0.0777357
106 0 0.0730253
107 0 0.0672371
108 0 0.060464
109 0 0.0528127
110 0 0.0444021
111 0 0.0353614
112 0 0.0258282
113 0 0.0159468
114 0 0.00586556
115 0 -0.00426465
116 0 -0.014293
117 0 -0.0240707
118 0 -0.0334531
119 0 -0.0423019
120 0 -0.0504867
121 0 -0.0578876
122 0 -0.0643958
123 0 -0.0699163
124 0 -0.0743684
125 0 -0.0776869
126 0 -0.0798237
127 0 -0.0807476
128 0 -0.0804451
129 0 -0.0789208
130 0 -0.0761971
131 0 -0.0723138
132 0 -0.0673277
133 0 -0.0613117
134 0 -0.0543539
135 0 -0.0465563
136 0 -0.0380333
137 0 -0.0289102
138 0 -0.0193213
139 0 -0.00940811
140 0 0.000682629
141 0 0.0108012
142 0 0.0207967
143 0 0.0305197
144 0 0.0398239
145 0 0.0485685
146 0 0.0566201
147 0 0.0638548
148 0 0.0701599
149 0 0.0754356
150 0 0.0795964
151 0 0.0825728
152 0 0.0843118
153 0 0.0847781
154 0 0.083955
155 0 0.0818443
156 0 0.0784664
157 0 0.0738607
158 0 0.0680848
159 0 0.0612138
160 0 0.0533395
161 0 0.0445693
162 0 0.0350249
163 0 0.0248404
164 0 0.0141607
165 0 0.00313985
166 0 -0.00806161
167 0 -0.0192784
168 0 -0.030343
169 0 -0.0410878
170 0 -0.0513479
171 0 -0.0609629
172 0 -0.0697796
173 0 -0.0776543
174 0 -0.0844547
175 0 -0.0900623
176 0 -0.0943738
177 0 -0.0973033
178 0 -0.0987834
179 0 -0.0987668
180 0 -0.0972267
181 0 -0.0941585
182 0 -0.0895791
183 0 -0.0835282
184 0 -0.0760671
185 0 -0.0672792
186 0 -0.0572685
187 0 -0.0461591
188 0 -0.0340936
189 0 -0.0212316
190 0 -0.00774781
191 0 0.00616992
192 0 0.0203231
193 0 0.0345049
194 0 0.0485029
195 0 0.0621019
196 0 0.0750868
197 0 0.0872453
198 0 0.0983714
199 0 0.108268
200 0 0.116749
201 0 0.123644
202 0 0.1288
203 0 0.132084
204 0 0.133384
205 0 0.132615
206 0 0.129716
207 0 0.124656
208 0 0.117432
209 0 0.108072
210 0 0.0966365
211 0 0.0832152
212 0 0.0679308
213 0 0.0509367
214 0 0.0324167
215 0 0.0125837
216 0 -0.00832143
217 0 -0.0300319
218 0 -0.0522573
219 0 -0.0746856
220 0 -0.0969863
221 0 -0.118813
222 0 -0.139808
223 0 -0.159604
224 0 -0.177827
225 0 -0.194104
226 0 -0.208062
227 0 -0.219335
228 0 -0.227568
229 0 -0.232417
230 0 -0.233557
231 0 -0.230685
232 0 -0.223521
233 0 -0.211813
234 0 -0.195341
235 0 -0.173917
236 0 -0.147388
237 0 -0.115643
238 0 -0.0786068
239 0 -0.0362469
240 0 0.0114272
241 0 0.0643635
242 0 0.122467
243 0 0.1856
244 0 0.253585
245 0 0.3262
246 0 0.403188
247 0 0.484253
248 0 0.569063
249 0 0.657256
250 0 0.74844
251 0 0.842196
252 0 0.938085
253 0 1.03565
254 0 1.13441
255 0 1.23389
256 2.56 1.33359
257 2.681 1.43302
258 2.64848 1.53171
259 2.5037 1.62915
260 2.43035 1.72488
261 2.5215 1.81844
262 2.6615 1.90939
263 2.67272 1.99732
264 2.54093 2.08184
265 2.43334 2.16259
266 2.48645 2.23923
267 2.63289 2.31149
268 2.68684 2.3791
269 2.57986 2.44184
270 2.44768 2.49955
271 2.45801 2.55208
272 2.59774 2.59935
273 2.68959 2.64131
274 2.61702 2.67796
275 2.47211 2.70932
276 2.43871 2.73548
277 2.5592 2.75655
278 2.68071 2.77269
279 2.64906 2.78408
280 2.50442 2.79095
281 2.4303 2.79356
282 2.52074 2.79218
283 2.661 2.78712
284 2.67311 2.7787
285 2.54171 2.76727
286 2.43352 2.75319
287 2.4858 2.73681
288 2.63222 2.71851
289 2.68701 2.69867
290 2.58065 2.67765
291 2.44809 2.65582
292 2.45751 2.63354
293 2.59697 2.61114
294 2.68952 2.58897
295 2.61774 2.56733
296 2.4727 2.5465
297 2.43843 2.52675
298 2.5584 2.50833
299 2.68041 2.49143
300 2.64964 2.47624
301 2.50514 2.46292
302 2.43024 2.45158
303 2.51998 2.44231
304 2.66049 2.43517
305 2.6735 2.43019
306 2.5425 2.42736
307 2.4337 2.42665
308 2.48514 2.428
309 2.63156 2.43133
310 2.68718 2.43651
311 2.58144 2.44343
312 2.4485 2.45192
313 2.45703 2.46181
314 2.59621 2.47293
315 2.68945 2.48507
316 2.61845 2.49803
317 2.47329 2.5116
318 2.43815 2.52557
319 2.55761 2.53971
320 2.6801 2.55383
321 2.65022 2.56771
322 2.50586 2.58116
323 2.4302 2.594
324 2.51922 2.60604
325 2.65998 2.61713
326 2.67389 2.62713
327 2.5433 2.63591
328 2.4339 2.64337
329 2.48449 2.64944
330 2.63089 2.65404
331 2.68734 2.65714
332 2.58223 2.65872
333 2.44891 2.65878
334 2.45654 2.65736
335 2.59544 2.65449
336 2.68937 2.65024
337 2.61916 2.64471
338 2.47389 2.63798
339 2.43787 2.63018
340 2.55681 2.62143
341 2.6798 2.61189
342 2.65079 2.6017
343 2.50659 2.59101
344 2.43016 2.58
345 2.51846 2.56882
346 2.65947 2.55765
347 2.67427 2.54665
348 2.54409 2.53598
349 2.43409 2.52579
350 2.48385 2.51622
351 2.63022 2.50741
352 2.6875 2.49948
353 2.58301 2.49254
354 2.44932 2.48667
355 2.45606 2.48196
356 2.59467 2.47847
357 2.68929 2.47623
358 2.61987 2.47527
359 2.47449 2.47559
360 2.4376 2.47718
361 2.55601 2.48
362 2.67948 2.484
363 2.65136 2.48911
364 2.50732 2.49526
365 2.43012 2.50235
366 2.51771 2.51026
367 2.65896 2.51888
368 2.67465 2.52808
369 2.54488 2.5377
370 2.43429 2.54763
371 2.4832 2.55769
372 2.62955 2.56776
373 2.68766 2.57767
374 2.5838 2.58728
375 2.44974 2.59645
376 2.45558 2.60506
377 2.5939 2.61296
378 2.68921 2.62005
379 2.62058 2.62623
380 2.47509 2.6314
381 2.43733 2.63549
382 2.55522 2.63844
383 2.67917 2.64021
384 2.65192 2.64077
385 2.50805 2.64011
386 2.43009 2.63825
387 2.51696 2.63521
388 2.65844 2.63103
389 2.67502 2.62578
390 2.54567 2.61953
391 2.4345 2.61237
392 2.48256 2.60441
393 2.62887 2.59575
394 2.6878 2.58654
395 2.58458 2.5769
396 2.45017 2.56697
397 2.45511 2.5569
398 2.59313 2.54684
399 2.68912 2.53694
400 2.62128 2.52734
401 2.47569 2.51818
402 2.43707 2.50962
403 2.55442 2.50176
404 2.67885 2.49475
405 2.65249 2.48868
406 2.50878 2.48364
407 2.43006 2.47973
408 2.5162 2.47701
409 2.65791 2.47552
410 2.67539 2.4753
411 2.54646 2.47636
412 2.43471 2.4787
413 2.48192 2.48229
414 2.6282 2.48709
415 2.68795 2.49304
416 2.58536 2.50006
417 2.4506 2.50806
418 2.45464 2.51693
419 2.59236 2.52655
420 2.68902 2.53679
421 2.62198 2.54749
422 2.4763 2.55851
423 2.43681 2.56969
424 2.55362 2.58085
425 2.67852 2.59185
426 2.65305 2.6025
427 2.50952 2.61265
428 2.43004 2.62214
429 2.51545 2.63081
430 2.65739 2.63853
431 2.67576 2.64517
432 2.54726 2.65062
433 2.43492 2.65476
434 2.48128 2.65752
435 2.62752 2.65883
436 2.68809 2.65865
437 2.58614 2.65696
438 2.45103 2.65375
439 2.45418 2.64903
440 2.59159 2.64286
441 2.68892 2.63529
442 2.62268 2.62642
443 2.47691 2.61633
444 2.43656 2.60517
445 2.55282 2.59306
446 2.67819 2.58018
447 2.6536 2.56669
448 2.51025 2.55278
449 2.43002 2.53866
450 2.51471 2.52452
451 2.65686 2.51058
452 2.67612 2.49705
453 2.54805 2.48414
454 2.43514 2.47207
455 2.48065 2.46104
456 2.62683 2.45124
457 2.68822 2.44286
458 2.58692 2.43607
459 2.45147 2.43101
460 2.45371 2.42783
461 2.59081 2.42663
462 2.68882 2.42749
463 2.62338 2.43047
464 2.47753 2.43561
465 2.43631 2.4429
466 2.55203 2.45232
467 2.67786 2.4638
468 2.65415 2.47726
469 2.51099 2.49258
470 2.43001 2.50959
471 2.51396 2.52811
472 2.65632 2.54794
473 2.67648 2.56883
474 2.54885 2.59052
475 2.43537 2.61272
476 2.48002 2.63511
477 2.62615 2.65737
478 2.68835 2.67916
479 2.5877 2.7001
480 2.45191 2.71985
481 2.45326 2.73803
482 2.59004 2.75426
483 2.68871 2.76817
484 2.62408 2.77941
485 2.47815 2.7876
486 2.43607 2.79242
487 2.55123 2.79354
488 2.67752 2.79066
489 2.6547 2.78349
490 2.51173 2.77178
491 2.43 2.75532
492 2.51321 2.73392
493 2.65579 2.70742
494 2.67683 2.67572
495 2.54964 2.63873
496 2.4356 2.59642
497 2.47939 2.54881
498 2.62546 2.49594
499 2.68847 2.43791
500 2.58848 2.37486
501 2.45235 2.30695
502 2.4528 2.23442
503 2.58926 2.15751
504 2.68859 2.07652
505 2.62477 1.99179
506 2.47877 1.90367
507 2.43583 1.81255
508 2.55044 1.71886
509 2.67718 1.62302
510 2.65525 1.52551
511 2.51247 1.42678
512 2.43 1.32733
513 0 1.22765
514 0 1.12822
515 0 1.02954
516 0 0.932086
517 0 0.836334
518 0 0.742742
519 0 0.651747
520 0 0.563767
521 0 0.479191
522 0 0.39838
523 0 0.321663
524 0 0.249334
525 0 0.181648
526 0 0.118823
527 0 0.0610348
528 0 0.00841896
529 0 -0.0389327
530 0 -0.0809706
531 0 -0.117688
532 0 -0.149119
533 0 -0.175341
534 0 -0.19647
535 0 -0.212658
536 0 -0.224095
537 0 -0.231004
538 0 -0.233638
539 0 -0.232277
540 0 -0.227228
541 0 -0.218815
542 0 -0.207382
543 0 -0.193286
544 0 -0.176892
545 0 -0.158574
546 0 -0.138704
547 0 -0.117656
548 0 -0.0957953
549 0 -0.0734805
550 0 -0.0510565
551 0 -0.0288527
552 0 -0.00717954
553 0 0.0136737
554 0 0.0334417
555 0 0.0518855
556 0 0.0687934
557 0 0.0839835
558 0 0.097304
559 0 0.108634
560 0 0.117885
561 0 0.124999
562 0 0.129949
563 0 0.13274
564 0 0.133404
565 0 0.132003
566 0 0.128624
567 0 0.123379
568 0 0.116403
569 0 0.107849
570 0 0.0978891
571 0 0.086709
572 0 0.0745064
573 0 0.0614877
574 0 0.047865
575 0 0.0338535
576 0 0.0196683
577 0 0.00552129
578 0 -0.00838103
579 0 -0.0218407
580 0 -0.0346706
581 0 -0.0466968
582 0 -0.0577604
583 0 -0.0677197
584 0 -0.0764517
585 0 -0.083853
586 0 -0.0898415
587 0 -0.0943566
588 0 -0.0973599
589 0 -0.0988352
590 0 -0.0987881
591 0 -0.0972462
592 0 -0.0942577
593 0 -0.0898907
594 0 -0.0842319
595 0 -0.077385
596 0 -0.0694692
597 0 -0.0606171
598 0 -0.0509728
599 0 -0.0406897
600 0 -0.0299283
601 0 -0.0188537
602 0 -0.00763331
603 0 0.00356543
604 0 0.0145775
605 0 0.0252425
606 0 0.035407
607 0 0.0449265
608 0 0.0536671
609 0 0.061508
610 0 0.0683423
611 0 0.0740787
612 0 0.0786428
613 0 0.0819777
614 0 0.0840447
615 0 0.0848239
616 0 0.0843141
617 0 0.0825328
618 0 0.0795158
619 0 0.0753166
620 0 0.0700052
621 0 0.0636676
622 0 0.0564038
623 0 0.0483271
624 0 0.0395615
625 0 0.0302405
626 0 0.0205053
627 0 0.0105019
628 0 0.000380073
629 0 -0.00970956
630 0 -0.0196173
631 0 -0.0291967
632 0 -0.0383065
633 0 -0.0468125
634 0 -0.0545899
635 0 -0.0615246
636 0 -0.0675151
637 0 -0.0724737
638 0 -0.0763279
639 0 -0.0790213
640 0 -0.0805146
641 0 -0.0807858
642 0 -0.079831
643 0 -0.077664
644 0 -0.0743161
645 0 -0.0698363
646 0 -0.0642899
647 0 -0.0577578
648 0 -0.0503356
649 0 -0.042132
650 0 -0.0332674
651 0 -0.0238721
652 0 -0.0140847
653 0 -0.00404971
654 0 0.00608394
655 0 0.0161655
656 0 0.0260442
657 0 0.0355716
658 0 0.0446039
659 0 0.0530035
660 0 0.0606414
661 0 0.067399
662 0 0.07317
663 0 0.0778616
664 0 0.0813964
665 0 0.0837131
666 0 0.0847681
667 0 0.0845356
668 0 0.0830087
669 0 0.0801992
670 0 0.0761379
671 0 0.070874
672 0 0.064475
673 0 0.0570256
674 0 0.0486266
675 0 0.0393938
676 0 0.0294565
677 0 0.0189559
678 0 0.00804269
679 0 -0.00312422
680 0 -0.0143805
681 0 -0.0255583
682 0 -0.0364887
683 0 -0.0470043
684 0 -0.0569412
685 0 -0.0661419
686 0 -0.0744572
687 0 -0.0817484
688 0 -0.0878901
689 0 -0.0927712
690 0 -0.0962974
691 0 -0.0983928
692 0 -0.0990007
693 0 -0.0980855
694 0 -0.0956328
695 0 -0.0916508
696 0 -0.0861698
697 0 -0.0792427
698 0 -0.0709445
699 0 -0.0613718
700 0 -0.0506419
701 0 -0.0388912
702 0 -0.0262743
703 0 -0.0129617
704 0 0.000861865
705 0 0.0149998
706 0 0.0292461
707 0 0.0433881
708 0 0.057209
709 0 0.0704911
710 0 0.0830185
711 0 0.09458
712 0 0.104973
713 0 0.114004
714 0 0.121496
715 0 0.127288
716 0 0.131236
717 0 0.13322
718 0 0.133145
719 0 0.130939
720 0 0.126562
721 0 0.120001
722 0 0.111274
723 0 0.100431
724 0 0.0875525
725 0 0.0727538
726 0 0.05618
727 0 0.0380079
728 0 0.0184445
729 0 -0.00227434
730 0 -0.0238858
731 0 -0.0461021
732 0 -0.0686128
733 0 -0.0910878
734 0 -0.11318
735 0 -0.134529
736 0 -0.154764
737 0 -0.173507
738 0 -0.190379
739 0 -0.205002
740 0 -0.217
741 0 -0.22601
742 0 -0.231681
743 0 -0.233677
744 0 -0.231684
745 0 -0.225413
746 0 -0.2146
747 0 -0.199015
748 0 -0.178459
749 0 -0.15277
750 0 -0.121825
751 0 -0.0855407
752 0 -0.0438757
753 0 0.00316847
754 0 0.0555469
755 0 0.113171
756 0 0.175908
757 0 0.243583
758 0 0.315979
759 0 0.392839
760 0 0.473868
761 0 0.558732
762 0 0.647068
763 0 0.73848
764 0 0.832546
765 0 0.928819
766 0 1.02683
767 0 1.12611
768 0 1.22616
769 2.439 1.32647
770 2.47152 1.42656
771 2.6163 1.52592
772 2.68965 1.62405
773 2.5985 1.72048
774 2.4585 1.81474
775 2.44728 1.90638
776 2.57907 1.99497
777 2.68666 2.08012
778 2.63355 2.16146
779 2.48711 2.23865
780 2.43316 2.3114
781 2.54014 2.37944
782 2.67232 2.44256
783 2.66199 2.50057
784 2.52226 2.55333
785 2.43041 2.60077
786 2.50298 2.64282
787 2.64789 2.67949
788 2.68129 2.7108
789 2.5608 2.73685
790 2.43929 2.75774
791 2.47094 2.77365
792 2.61558 2.78476
793 2.6897 2.79131
794 2.59926 2.79356
795 2.459 2.79179
796 2.44689 2.78632
797 2.57829 2.77749
798 2.68648 2.76564
799 2.6342 2.75114
800 2.48778 2.73437
801 2.43299 2.7157
802 2.53935 2.69551
803 2.67191 2.67419
804 2.66249 2.6521
805 2.52303 2.62962
806 2.43048 2.60708
807 2.50226 2.58482
808 2.6473 2.56315
809 2.68157 2.54237
810 2.5616 2.52274
811 2.43959 2.50449
812 2.47036 2.48784
813 2.61486 2.47297
814 2.68976 2.46001
815 2.60002 2.4491
816 2.45951 2.4403
817 2.4465 2.43368
818 2.5775 2.42925
819 2.6863 2.427
820 2.63486 2.42689
821 2.48844 2.42884
822 2.43282 2.43277
823 2.53856 2.43855
824 2.6715 2.44604
825 2.66297 2.45508
826 2.52379 2.46548
827 2.43055 2.47706
828 2.50155 2.48961
829 2.64671 2.50291
830 2.68185 2.51676
831 2.56239 2.53092
832 2.4399 2.54519
833 2.46978 2.55935
834 2.61414 2.57319
835 2.6898 2.58652
836 2.60078 2.59914
837 2.46002 2.61088
838 2.44611 2.6216
839 2.5767 2.63115
840 2.6861 2.63942
841 2.63551 2.6463
842 2.48911 2.65173
843 2.43266 2.65566
844 2.53777 2.65804
845 2.67109 2.65888
846 2.66346 2.65819
847 2.52456 2.65601
848 2.43063 2.65239
849 2.50084 2.64741
850 2.64611 2.64118
851 2.68213 2.63379
852 2.56319 2.62539
853 2.4402 2.6161
854 2.46921 2.60609
855 2.61341 2.59551
856 2.68984 2.58453
857 2.60154 2.57331
858 2.46053 2.56203
859 2.44573 2.55085
860 2.57591 2.53995
861 2.68591 2.52948
862 2.63615 2.51959
863 2.48978 2.51042
864 2.4325 2.50211
865 2.53699 2.49477
866 2.67068 2.48849
867 2.66394 2.48337
868 2.52533 2.47946
869 2.43071 2.47682
870 2.50013 2.47548
871 2.64551 2.47544
872 2.6824 2.47669
873 2.56399 2.47921
874 2.44052 2.48294
875 2.46864 2.48783
876 2.61268 2.49379
877 2.68988 2.50073
878 2.60229 2.50854
879 2.46104 2.51709
880 2.44535 2.52625
881 2.57512 2.53588
882 2.68571 2.54584
883 2.6368 2.55598
884 2.49045 2.56613
885 2.43234 2.57616
886 2.5362 2.5859
887 2.67026 2.59522
888 2.66442 2.60398
889 2.5261 2.61204
890 2.43079 2.61928
891 2.49942 2.62561
892 2.64491 2.63092
893 2.68267 2.63514
894 2.56478 2.6382
895 2.44083 2.64006
896 2.46808 2.6407
897 2.61195 2.6401
898 2.68991 2.63827
899 2.60304 2.63524
900 2.46156 2.63105
901 2.44498 2.62577
902 2.57433 2.61947
903 2.6855 2.61224
904 2.63744 2.6042
905 2.49113 2.59547
906 2.4322 2.58616
907 2.53542 2.57643
908 2.66983 2.56641
909 2.66489 2.55625
910 2.52687 2.54612
911 2.43088 2.53615
912 2.49872 2.52651
913 2.64431 2.51733
914 2.68293 2.50876
915 2.56558 2.50094
916 2.44115 2.49398
917 2.46751 2.48799
918 2.61122 2.48307
919 2.68994 2.47931
920 2.6038 2.47676
921 2.46209 2.47547
922 2.44461 2.47548
923 2.57354 2.47679
924 2.68529 2.47939
925 2.63808 2.48327
926 2.4918 2.48836
927 2.43205 2.4946
928 2.53464 2.50192
929 2.6694 2.5102
930 2.66536 2.51935
931 2.52764 2.52922
932 2.43098 2.53968
933 2.49802 2.55057
934 2.6437 2.56174
935 2.68319 2.57301
936 2.56638 2.58423
937 2.44148 2.59522
938 2.46695 2.60581
939 2.61048 2.61584
940 2.68996 2.62514
941 2.60455 2.63357
942 2.46261 2.64098
943 2.44424 2.64724
944 2.57274 2.65225
945 2.68508 2.6559
946 2.63872 2.65812
947 2.49248 2.65884
948 2.43191 2.65804
949 2.53386 2.6557
950 2.66897 2.65181
951 2.66582 2.64642
952 2.52841 2.63957
953 2.43108 2.63133
954 2.49732 2.62181
955 2.64309 2.61112
956 2.68344 2.5994
957 2.56718 2.5868
958 2.44181 2.5735
959 2.4664 2.55967
960 2.60975 2.54552
961 2.68998 2.53126
962 2.60529 2.51709
963 2.46314 2.50324
964 2.44388 2.48992
965 2.57195 2.47736
966 2.68486 2.46577
967 2.63935 2.45534
968 2.49317 2.44628
969 2.43178 2.43875
970 2.53308 2.43294
971 2.66853 2.42897
972 2.66629 2.42698
973 2.52919 2.42705
974 2.43118 2.42926
975 2.49662 2.43364
976 2.64247 2.44022
977 2.68369 2.44897
978 2.56797 2.45984
979 2.44214 2.47275
980 2.46585 2.48759
981 2.60901 2.5042
982 2.68999 2.52241
983 2.60604 2.54201
984 2.46368 2.56277
985 2.44352 2.58441
986 2.57115 2.60665
987 2.68463 2.62918
988 2.63998 2.65166
989 2.49385 2.67375
990 2.43165 2.69508
991 2.5323 2.71527
992 2.66809 2.73396
993 2.66674 2.75077
994 2.52996 2.7653
995 2.43129 2.77718
996 2.49592 2.78606
997 2.64185 2.79158
998 2.68393 2.7934
999 2.56877 2.79121
1000 2.44248 2.78472
1001 2.4653 2.77367
1002 2.60827 2.75783
1003 2.69 2.737
1004 2.60679 2.71103
1005 2.46421 2.67979
1006 2.44317 2.6432
1007 2.57036 2.60122
1008 2.6844 2.55386
1009 2.64061 2.50116
1010 2.49454 2.44322
1011 2.43153 2.38017
1012 2.53152 2.31219
1013 2.66765 2.23951
1014 2.6672 2.16237
1015 2.53074 2.08108
1016 2.43141 1.99598
1017 2.49523 1.90743
1018 2.64123 1.81583
1019 2.68417 1.7216
1020 2.56956 1.62519
1021 2.44282 1.52708
1022 2.46475 1.42773
1023 2.60753 1.32765
